100000.000000
99000.000000 
100000.000000 
110000.000000 
109000.000000 
134000.000000 
384000.000000 
384000.000000 
384000.000000 
39229413150588990000000000000000.000000 
39229413150588990000000000000000.000000 
39229413150588990000000000000000.000000 
39229413150588990000000000000000.000000 
39229413150588990000000000000000.000000 
39229413150588990000000000000000.000000 
39229413150588990000000000000000.000000 
39229413150588990000000000000000.000000 
39229413150588990000000000000000.000000 
39229413150588990000000000000000.000000 
39229413150588990000000000000000.000000 
